1000.0000  1.5510e-07
990.0990  1.9920e-07
980.3922  2.2970e-07
971.8173  2.4860e-07
962.4639  2.6820e-07
953.2888  2.7600e-07
944.2871  3.4460e-07
936.3296  3.9370e-07
927.6438  4.5720e-07
919.1176  1.8200e-04
910.7468  1.7920e-04
902.5271  1.8950e-04
895.2551  1.9940e-04
887.3114  2.4410e-04
879.5075  2.4760e-04
871.8396  2.6610e-04
864.3042  2.8370e-04
857.6329  3.3140e-04
850.3401  3.7160e-04
843.1703  4.2530e-04
836.1204  4.6580e-04
829.8755  4.6980e-04
823.0453  5.1640e-04
816.3265  5.2190e-04
809.7166  5.6910e-04
803.2129  6.0700e-04
797.4482  6.6660e-04
791.1392  6.7620e-04
784.9294  7.4530e-04
778.8162  7.8010e-04
772.7975  9.1840e-04
767.4597  1.0280e-03
761.6146  1.0700e-03
755.8579  1.1660e-03
750.1875  1.3820e-03
745.1565  1.4980e-03
739.6450  1.5860e-03
734.2144  1.7640e-03
728.8630  1.9440e-03
723.5890  2.0090e-03
718.9073  2.3180e-03
713.7759  2.4970e-03
708.7172  2.8980e-03
703.7298  3.0800e-03
698.8120  3.4160e-03
694.4444  3.8780e-03
689.6552  4.5650e-03
684.9315  5.2770e-03
680.2721  5.9400e-03
676.1325  6.7340e-03
671.5917  7.4960e-03
667.1114  8.0500e-03
662.6905  9.4270e-03
658.3278  1.0900e-02
654.4503  1.1960e-02
650.1951  1.4290e-02
645.9948  1.7560e-02
641.8485  2.1470e-02
637.7551  2.5880e-02
634.1154  3.1730e-02
630.1197  3.9550e-02
626.1741  5.1110e-02
622.2775  6.5710e-02
618.8119  9.0560e-02
615.0062  1.3620e-01
611.2469  2.4610e-01
607.5334  5.6850e-01
603.8647  5.7210e-01
600.6006  5.6510e-01
597.0149  5.6300e-01
593.4718  5.7990e-01
589.9705  5.5860e-01
586.5103  5.3590e-01
583.4306  5.4140e-01
580.0464  5.3400e-01
576.7013  5.4890e-01
573.3945  5.6280e-01
570.4507  5.6760e-01
567.2150  5.6050e-01
564.0158  5.5380e-01
560.8525  5.1660e-01
557.7245  5.0120e-01
554.9390  5.1680e-01
551.8764  5.0640e-01
548.8474  5.1340e-01
545.8515  5.3270e-01
543.1831  5.3430e-01
540.2485  5.4650e-01
537.3455  5.4110e-01
534.4735  5.3580e-01
531.6321  5.4350e-01
529.1005  5.1730e-01
526.3158  5.0300e-01
523.5602  5.0110e-01
520.8333  5.1870e-01
518.1347  5.1720e-01
515.7298  5.1130e-01
513.0836  5.2540e-01
510.4645  5.1680e-01
507.8720  5.0880e-01
505.5612  5.2150e-01
503.0181  5.3000e-01
500.5005  5.3220e-01
498.0080  5.3150e-01
495.5401  5.3720e-01
493.3399  5.3930e-01
490.9180  5.4990e-01
488.5198  5.4900e-01
486.1449  5.4040e-01
483.7929  5.2630e-01
481.6956  5.1250e-01
479.3864  5.2430e-01
477.0992  5.2920e-01
474.8338  5.5310e-01
472.8132  5.5950e-01
470.5882  5.8180e-01
468.3841  5.9110e-01
466.2005  6.0290e-01
464.0371  5.8390e-01
462.1072  5.8160e-01
459.9816  5.6570e-01
457.8755  5.4870e-01
455.7885  5.5330e-01
453.7205  5.6180e-01
451.8753  5.6510e-01
449.8426  5.7450e-01
447.8280  6.0560e-01
445.8315  6.0520e-01
444.0497  6.1240e-01
442.0866  6.1120e-01
440.1408  6.0090e-01
438.2121  5.9230e-01
436.3002  5.9500e-01
434.5937  6.1140e-01
432.7131  6.0540e-01
430.8488  6.0740e-01
429.0004  5.9520e-01
427.1679  5.8750e-01
425.5319  5.7380e-01
423.7288  5.6360e-01
421.9409  5.4800e-01
420.1681  5.3400e-01
418.5852  5.2290e-01
416.8404  5.0770e-01
415.1100  4.6230e-01
413.3940  4.1270e-01
411.6921  3.5360e-01
410.1723  2.8160e-01
408.4967  2.1880e-01
406.8348  1.6710e-01
405.1864  1.3140e-01
403.7142  1.0370e-01
402.0909  8.0480e-02
400.4806  6.3440e-02
398.8831  4.9820e-02
397.2984  3.8460e-02
395.8828  2.9930e-02
394.3218  2.3170e-02
392.7730  1.7610e-02
391.2363  1.3110e-02
389.7116  1.0030e-02
388.3495  7.9910e-03
386.8472  6.3280e-03
385.3565  4.9790e-03
383.8772  4.0670e-03
382.5555  3.3210e-03
381.0976  2.5360e-03
379.6507  2.1950e-03
378.2148  1.8180e-03
376.7898  1.5620e-03
375.5163  1.1290e-03
374.1115  9.3060e-04
372.7171  8.6640e-04
371.3331  7.9070e-04
369.9593  8.1210e-04
368.7316  7.2620e-04
367.3769  7.2950e-04
366.0322  7.3500e-04
364.6973  7.8890e-04
363.5042  6.7890e-04
362.1876  5.9440e-04
360.8805  5.1620e-04
359.5829  4.8570e-04
358.2945  5.7810e-04
357.1429  5.9910e-04
355.8719  4.8120e-04
354.6099  3.9390e-04
353.3569  3.5510e-04
352.1127  2.6530e-04
351.0004  1.7040e-04
349.7726  1.1200e-04
348.5535  8.8170e-05
347.3428  6.7450e-05
346.2604  4.2160e-05
345.0656  3.4250e-05
343.8790  3.0500e-05
342.7005  1.6040e-05
341.5301  1.1550e-05
340.4835  1.6160e-05
339.3281  1.3760e-05
338.1806  8.1920e-06
337.0408  8.0980e-06
335.9086  6.1510e-06
334.8962  6.2310e-06
333.7784  5.7520e-06
332.6680  3.7580e-06
331.5650  3.3810e-06
330.5785  2.0940e-06
329.4893  1.8940e-06
328.4072  7.7690e-07
327.3322  2.2450e-06
326.2643  7.2950e-07
325.3090  1.3170e-06
324.2542  3.9300e-07
323.2062  7.4380e-07
322.1649  8.0460e-07
321.1304  3.5970e-07
320.2049  2.6070e-07
319.1829  3.2100e-08
318.1674  3.6930e-07
317.1583  3.8770e-07
316.2555  3.7540e-07
315.2585  -1.2340e-07
314.2678  1.1360e-07
313.2832  -3.3440e-09
312.3048  1.3930e-08
311.4295  1.5730e-07
310.4626  2.6790e-07
309.5017  4.9240e-07
308.5467  -8.6180e-08
307.6923  -3.0180e-08
306.7485  -3.0410e-08
305.8104  1.4680e-07
304.8780  -9.9000e-08
303.9514  1.9120e-07
303.1222  1.8740e-08
302.2061  -5.9330e-08
301.2956  -1.2140e-07
300.3905  1.2190e-07
299.4909  7.2410e-08
298.6858  1.1060e-07
297.7963  -9.0120e-09
296.9121  -2.4270e-08
296.0332  -2.6640e-08
295.2465  -1.7850e-10
294.3774  -1.2000e-09
293.5134  -1.9240e-09
292.6544  -8.2840e-08
291.8004  -1.4620e-08
291.0361  3.5770e-08
290.1915  1.4010e-08
289.3519  2.0440e-08
288.5170  1.3320e-08
287.6870  8.2010e-09
286.9440  5.3590e-09
286.1230  3.4770e-10
285.3067  4.9050e-10
284.4950  -9.4720e-10
283.7684  4.8330e-10
282.9655  -6.0890e-10
282.1670  -1.4880e-09
281.3731  1.5630e-09
280.5836  7.0440e-10
279.8769  4.6000e-10
279.0957  -2.4750e-09
278.3190  3.0610e-10
277.5465  -1.5380e-09
276.7783  -3.5580e-10
276.0906  -2.0800e-09
275.3304  -3.2980e-09
274.5744  7.1280e-10
273.8226  -3.0890e-09
273.1494  -2.0350e-09
272.4053  -5.1470e-11
271.6653  1.0840e-09
270.9293  2.7830e-10
270.1972  8.8130e-10
269.5418  5.7710e-10
268.8172  -2.7340e-10
268.0965  1.4290e-09
267.3797  1.5320e-09
266.6667  1.6920e-11
266.0282  5.0910e-10
265.3224  6.1740e-10
264.6203  -5.0370e-11
263.9219  2.5000e-10
263.2965  -5.3830e-10
262.6050  -5.9750e-10
261.9172  7.0140e-10
261.2330  -1.4350e-09
260.5524  1.8650e-10
259.9428  3.7460e-10
259.2689  4.1850e-11
258.5984  2.3670e-10
257.9314  5.0440e-10
257.3340  -6.3610e-10
256.6735  8.7020e-10
256.0164  1.0670e-09
255.3626  1.9870e-10
254.7122  3.3000e-10
254.1296  7.3010e-10
253.4854  4.7070e-10
252.8445  5.8910e-10
252.2068  1.0920e-10
251.5723  -6.0800e-10
251.0040  5.1330e-10
250.3756  1.2070e-10
249.7502  -2.4110e-10
249.1281  -2.6510e-10
248.5707  -3.9690e-10
247.9544  -3.9450e-10
247.3411  -1.5890e-10
246.7308  -4.0850e-10
246.1236  6.2430e-10
245.5796  -1.3120e-11
244.9780  5.5390e-11
244.3793  -3.9160e-10
243.7835  -5.1420e-10
243.1907  -3.5530e-11
242.6595  -9.9980e-13
242.0721  9.0700e-11
241.4876  9.5500e-12
240.9058  -4.7270e-11
240.3846  -7.5430e-12
239.8082  1.6660e-10
239.2344  -7.4400e-11
238.6635  9.5560e-11
238.0952  -1.8170e-10
237.5861  -5.2850e-11
237.0230  7.9710e-11
236.4625  2.4120e-10
235.9047  -1.6330e-10
235.3495  1.2380e-10
234.8520  8.9840e-11
234.3018  6.7820e-10
233.7541  6.3750e-10
233.2090  -1.1320e-10
232.7205  -4.4020e-10
232.1802  5.2600e-11
231.6423  7.1810e-10
231.1070  9.8090e-10
230.5741  6.6920e-11
230.0966  -8.4310e-11
229.5684  -1.2100e-10
229.0426  -2.0590e-10
228.5192  -7.0970e-13
227.9982  -6.4180e-12
227.5313  -1.5380e-11
227.0148  9.4660e-11
226.5006  2.0930e-10
225.9887  5.3490e-11
225.5300  5.0970e-11
225.0225  2.6130e-11
224.5173  4.5960e-11
224.0143  8.2800e-12
223.5136  1.3460e-10
223.0649  -2.7430e-10
222.5684  -2.5110e-11
222.0742  -1.1970e-10
221.5821  -2.1220e-11
221.0922  -7.6550e-11
220.6531  -3.4830e-11
220.1673  1.7920e-10
219.6837  4.6190e-11
219.2021  2.4950e-10
218.7705  -4.7250e-11
218.2929  1.7680e-10
217.8175  1.8880e-10
217.3441  -1.5380e-10
216.8727  -1.5130e-10
216.4502  -1.2650e-10
215.9827  -4.8250e-11
215.5172  8.1180e-12
215.0538  -7.2820e-11
214.6383  -1.3570e-10
214.1786  -2.0780e-10
213.7209  -1.6620e-10
213.2651  -2.9880e-10
212.8112  -2.5880e-10
212.4044  -6.8810e-11
211.9542  1.2040e-10
211.5059  2.8580e-10
211.0595  9.5100e-11
210.6150  -1.6020e-10
210.2165  1.4900e-10
209.7755  7.8510e-10
209.3364  4.4840e-10
208.8991  -7.8740e-11
208.5071  7.2010e-10
208.0732  1.1870e-09
207.6412  -9.1950e-10
207.2109  -6.3790e-10
206.7825  5.8550e-09
206.3983  -1.0420e-09
205.9732  3.2840e-09
205.5498  -1.0600e-08
205.1282  1.9160e-08
204.7083  -6.9200e-09
204.3318  -1.3180e-09
203.9152  2.2000e-09
203.5002  7.1730e-09
203.0869  8.8440e-10
202.7164  -9.3450e-10
202.3063  1.6850e-09
201.8978  1.4890e-10
201.4910  -7.2540e-12
201.0859  1.1270e-09
200.7226  1.0080e-09
200.3205  6.6950e-10
199.9200  -2.1160e-10
199.5211  1.0760e-09
199.1239  1.5460e-09
198.7676  3.1610e-10
198.3733  4.3690e-10
197.9806  4.1940e-10
197.5894  6.0710e-10
197.2387  2.5110e-10
196.8504  9.7530e-10
196.4637  1.9590e-10
196.0784  3.5580e-10
195.6947  4.2810e-10
195.3507  5.0530e-10
194.9698  4.1880e-10
194.5904  2.6860e-10
194.2125  2.1660e-10
193.8360  2.0690e-10
193.4985  5.2080e-10
193.1248  2.5520e-10
192.7525  1.8020e-10
192.3817  1.9300e-10
192.0492  6.5900e-11
191.6810  3.8520e-10
191.3143  4.6350e-10
190.9490  1.1150e-10
190.5851  1.5240e-10
190.2588  2.2400e-10
189.8975  3.0070e-10
189.5375  3.6910e-10
189.1790  1.4080e-10
188.8574  2.0010e-10
188.5014  2.7540e-10
188.1468  2.8680e-10
187.7934  6.8260e-10
187.4414  1.0150e-09
187.1257  7.9140e-10
186.7762  1.0080e-09
186.4280  1.5440e-09
186.0811  2.5310e-09
185.7355  3.0500e-09
185.4256  3.8210e-09
185.0824  3.6880e-09
184.7404  3.3070e-09
184.3998  2.7160e-09
184.0943  3.4820e-09
183.7560  3.3510e-09
183.4189  4.2930e-09
183.0831  4.4570e-09
182.7485  4.7840e-09
182.4485  4.7080e-09
182.1162  4.6480e-09
181.7851  4.1750e-09
181.4553  4.7700e-09
181.1266  5.8080e-09
180.8318  8.6980e-09
180.5054  1.2730e-08
180.1802  1.5860e-08
179.8561  1.6090e-08
179.5655  1.2860e-08
179.2436  9.9620e-09
178.9229  7.2420e-09
178.6033  5.4390e-09
178.2849  4.8290e-09
177.9993  4.8870e-09
177.6830  3.8030e-09
177.3679  3.0100e-09
177.0538  2.4450e-09
176.7409  1.6300e-09
176.4602  1.2300e-09
176.1494  8.8610e-10
175.8396  7.3350e-10
175.5310  3.9390e-10
175.2541  6.2580e-10
174.9475  4.4940e-10
174.6420  7.5040e-11
174.3375  6.2920e-10
174.0341  7.1260e-10
173.7619  4.9010e-10
173.4605  7.1280e-10
173.1602  3.9970e-10
172.8608  2.6920e-10
172.5626  3.9260e-10
172.2950  7.5930e-10
171.9986  2.5140e-11
171.7033  1.7560e-10
171.4090  3.7980e-10
171.1450  2.7150e-10
170.8526  2.4840e-10
170.5611  3.2970e-10
170.2707  -9.2740e-11
169.9813  -1.1120e-10
169.7217  8.9470e-11
169.4341  -1.1150e-10
169.1475  -1.8060e-11
168.8619  -2.1260e-10
168.5772  3.1560e-10
168.3218  2.8930e-10
168.0390  1.5030e-09
167.7571  5.3070e-10
167.4761  -4.6990e-10
167.2241  -2.9180e-10
166.9449  -4.3990e-10
166.6667  7.3030e-11
